1020.0 167.0 -5870.0
1020.0 162.0 -5787.0
970.0 135.0 -5807.0
975.0 155.0 -5850.0
975.0 155.0 -5832.0
1052.0 167.0 -5827.0
1030.0 177.0 -5837.0
965.0 167.0 -5767.0
990.0 162.0 -5842.0
1087.0 187.0 -5807.0
1015.0 172.0 -5850.0
990.0 145.0 -5850.0
1015.0 177.0 -5812.0
1005.0 177.0 -5807.0
995.0 162.0 -5817.0
1047.0 145.0 -5817.0
1030.0 110.0 -5827.0
1067.0 125.0 -5832.0
1077.0 70.0 -5842.0
1072.0 75.0 -5827.0
1047.0 55.0 -5787.0
1062.0 85.0 -5832.0
1092.0 50.0 -5837.0
1062.0 70.0 -5817.0
1037.0 55.0 -5865.0
1082.0 65.0 -5817.0
1047.0 45.0 -5807.0
1082.0 90.0 -5827.0
1092.0 90.0 -5817.0
1047.0 95.0 -5792.0
1092.0 125.0 -5812.0
1077.0 95.0 -5832.0
1092.0 85.0 -5817.0
1092.0 85.0 -5850.0
990.0 75.0 -5807.0
1020.0 115.0 -5885.0
1020.0 120.0 -5797.0
1037.0 90.0 -5812.0
1030.0 100.0 -5792.0
1030.0 105.0 -5777.0
1020.0 140.0 -5752.0
1030.0 95.0 -5787.0
1042.0 130.0 -5707.0
1062.0 145.0 -5732.0
1000.0 65.0 -5802.0
1047.0 95.0 -5752.0
1047.0 140.0 -5817.0
1042.0 135.0 -5797.0
1042.0 65.0 -5827.0
1052.0 100.0 -5842.0
950.0 325.0 -5812.0
955.0 345.0 -5837.0
970.0 335.0 -5842.0
940.0 340.0 -5807.0
902.0 325.0 -5842.0
902.0 325.0 -5807.0
955.0 307.0 -5880.0
950.0 335.0 -5832.0
940.0 325.0 -5762.0
912.0 325.0 -5792.0
945.0 340.0 -5767.0
965.0 345.0 -5832.0
985.0 330.0 -5812.0
965.0 297.0 -5807.0
940.0 312.0 -5757.0
927.0 335.0 -5807.0
902.0 297.0 -5797.0
897.0 312.0 -5772.0
912.0 330.0 -5807.0
955.0 325.0 -5767.0
940.0 340.0 -5817.0
912.0 302.0 -5860.0
965.0 317.0 -5832.0
912.0 330.0 -5865.0
955.0 335.0 -5782.0
965.0 330.0 -5822.0
887.0 312.0 -5827.0
945.0 312.0 -5822.0
927.0 317.0 -5842.0
922.0 325.0 -5787.0
922.0 317.0 -5807.0
955.0 307.0 -5817.0
940.0 297.0 -5792.0
960.0 252.0 -5817.0
985.0 177.0 -5855.0
990.0 207.0 -5842.0
1015.0 207.0 -5832.0
995.0 187.0 -5822.0
1020.0 182.0 -5807.0
975.0 197.0 -5812.0
990.0 197.0 -5855.0
1025.0 227.0 -5762.0
965.0 172.0 -5777.0
1005.0 217.0 -5822.0
990.0 222.0 -5807.0
1000.0 207.0 -5842.0
960.0 197.0 -5827.0
1000.0 197.0 -5822.0
907.0 237.0 -5842.0
932.0 252.0 -5827.0
955.0 395.0 -5817.0
955.0 405.0 -5797.0
877.0 497.0 -5787.0
877.0 480.0 -5797.0
852.0 425.0 -5792.0
897.0 475.0 -5777.0
872.0 475.0 -5782.0
892.0 450.0 -5812.0
927.0 475.0 -5757.0
810.0 465.0 -5777.0
857.0 435.0 -5827.0
825.0 475.0 -5767.0
877.0 475.0 -5827.0
877.0 480.0 -5772.0
892.0 450.0 -5802.0
877.0 450.0 -5812.0
862.0 465.0 -5777.0
857.0 435.0 -5777.0
907.0 487.0 -5752.0
932.0 492.0 -5782.0
867.0 470.0 -5827.0
887.0 435.0 -5797.0
882.0 445.0 -5817.0
825.0 455.0 -5767.0
867.0 460.0 -5777.0
872.0 455.0 -5787.0
887.0 512.0 -5802.0
852.0 450.0 -5850.0
887.0 460.0 -5802.0
897.0 480.0 -5802.0
862.0 465.0 -5807.0
877.0 455.0 -5797.0
872.0 455.0 -5797.0
877.0 460.0 -5827.0
882.0 487.0 -5752.0
852.0 410.0 -5792.0
917.0 470.0 -5827.0
882.0 465.0 -5787.0
917.0 460.0 -5802.0
867.0 450.0 -5792.0
835.0 450.0 -5802.0
862.0 465.0 -5787.0
840.0 445.0 -5807.0
892.0 465.0 -5827.0
862.0 435.0 -5817.0
887.0 465.0 -5772.0
902.0 475.0 -5812.0
882.0 425.0 -5777.0
840.0 425.0 -5802.0
882.0 430.0 -5807.0
780.0 597.0 -5797.0
810.0 592.0 -5842.0
835.0 507.0 -5772.0
840.0 497.0 -5767.0
840.0 492.0 -5807.0
867.0 517.0 -5802.0
872.0 512.0 -5827.0
867.0 502.0 -5850.0
835.0 487.0 -5797.0
820.0 542.0 -5797.0
800.0 532.0 -5787.0
770.0 612.0 -5737.0
790.0 642.0 -5772.0
830.0 680.0 -5792.0
835.0 695.0 -5782.0
815.0 665.0 -5822.0
815.0 655.0 -5850.0
825.0 680.0 -5797.0
825.0 680.0 -5817.0
810.0 655.0 -5797.0
795.0 650.0 -5812.0
800.0 665.0 -5777.0
835.0 690.0 -5792.0
830.0 627.0 -5747.0
800.0 660.0 -5792.0
820.0 680.0 -5792.0
825.0 655.0 -5807.0
815.0 670.0 -5752.0
820.0 675.0 -5752.0
805.0 675.0 -5787.0
810.0 655.0 -5767.0
790.0 655.0 -5802.0
810.0 655.0 -5782.0
785.0 650.0 -5792.0
795.0 650.0 -5777.0
800.0 632.0 -5757.0
805.0 665.0 -5792.0
810.0 655.0 -5752.0
810.0 660.0 -5732.0
805.0 670.0 -5792.0
795.0 650.0 -5807.0
820.0 670.0 -5762.0
805.0 622.0 -5792.0
820.0 680.0 -5762.0
800.0 660.0 -5757.0
830.0 650.0 -5777.0
825.0 670.0 -5767.0
825.0 670.0 -5797.0
805.0 660.0 -5792.0
815.0 665.0 -5797.0
737.0 795.0 -5787.0
727.0 795.0 -5787.0
702.0 790.0 -5772.0
722.0 822.0 -5802.0
755.0 892.0 -5802.0
747.0 857.0 -5787.0
742.0 882.0 -5732.0
755.0 897.0 -5742.0
717.0 852.0 -5752.0
760.0 837.0 -5792.0
795.0 882.0 -5782.0
825.0 812.0 -5797.0
820.0 750.0 -5812.0
742.0 730.0 -5742.0
717.0 720.0 -5752.0
755.0 695.0 -5772.0
755.0 660.0 -5837.0
755.0 725.0 -5787.0
760.0 710.0 -5787.0
780.0 730.0 -5792.0
732.0 670.0 -5772.0
755.0 700.0 -5812.0
747.0 720.0 -5802.0
805.0 700.0 -5787.0
800.0 705.0 -5737.0
790.0 685.0 -5767.0
775.0 705.0 -5772.0
765.0 680.0 -5782.0
805.0 725.0 -5772.0
790.0 690.0 -5802.0
795.0 675.0 -5767.0
775.0 690.0 -5772.0
800.0 725.0 -5757.0
805.0 710.0 -5782.0
770.0 690.0 -5777.0
770.0 720.0 -5772.0
840.0 715.0 -5792.0
742.0 665.0 -5787.0
775.0 670.0 -5772.0
747.0 720.0 -5792.0
747.0 685.0 -5797.0
775.0 715.0 -5837.0
825.0 735.0 -5762.0
770.0 690.0 -5792.0
815.0 725.0 -5757.0
825.0 700.0 -5792.0
800.0 690.0 -5767.0
785.0 660.0 -5792.0
820.0 710.0 -5757.0
775.0 685.0 -5797.0
677.0 1137.0 -5742.0
687.0 1015.0 -5787.0
692.0 837.0 -5747.0
692.0 892.0 -5777.0
630.0 1090.0 -5717.0
620.0 1065.0 -5732.0
672.0 1080.0 -5727.0
667.0 1085.0 -5792.0
657.0 1060.0 -5737.0
640.0 1030.0 -5747.0
657.0 1050.0 -5737.0
657.0 1110.0 -5737.0
640.0 1100.0 -5727.0
662.0 1100.0 -5727.0
662.0 1075.0 -5727.0
650.0 1060.0 -5722.0
682.0 1050.0 -5727.0
667.0 1060.0 -5727.0
662.0 1085.0 -5722.0
657.0 1060.0 -5747.0
682.0 1065.0 -5732.0
662.0 1075.0 -5712.0
662.0 1055.0 -5727.0
650.0 1070.0 -5722.0
672.0 1095.0 -5717.0
672.0 1070.0 -5722.0
640.0 1065.0 -5727.0
672.0 1075.0 -5782.0
667.0 1100.0 -5737.0
615.0 1050.0 -5727.0
657.0 1090.0 -5712.0
657.0 1090.0 -5732.0
677.0 1120.0 -5707.0
677.0 1090.0 -5722.0
657.0 1055.0 -5737.0
657.0 1090.0 -5727.0
672.0 1105.0 -5727.0
657.0 1095.0 -5737.0
662.0 1090.0 -5742.0
722.0 1105.0 -5727.0
687.0 1100.0 -5762.0
667.0 1085.0 -5747.0
657.0 1110.0 -5692.0
645.0 1080.0 -5707.0
677.0 1080.0 -5717.0
677.0 1090.0 -5732.0
677.0 1085.0 -5737.0
702.0 1085.0 -5732.0
692.0 1105.0 -5712.0
657.0 1045.0 -5732.0
1062.0 2907.0 -5565.0
1062.0 2877.0 -5570.0
1057.0 2902.0 -5615.0
1077.0 2917.0 -5615.0
1077.0 2925.0 -5585.0
1072.0 2902.0 -5615.0
1072.0 2877.0 -5550.0
1102.0 2852.0 -5610.0
1102.0 2842.0 -5655.0
1140.0 2892.0 -5605.0
1130.0 2897.0 -5575.0
1077.0 2917.0 -5595.0
1092.0 2862.0 -5555.0
1102.0 2902.0 -5595.0
1117.0 2902.0 -5565.0
1112.0 2887.0 -5570.0
1077.0 2897.0 -5620.0
1072.0 2847.0 -5615.0
1135.0 2877.0 -5565.0
1102.0 2935.0 -5570.0
1087.0 2902.0 -5615.0
1077.0 2872.0 -5595.0
1117.0 2882.0 -5585.0
1112.0 2852.0 -5640.0
1097.0 2897.0 -5585.0
1107.0 2897.0 -5550.0
1140.0 2907.0 -5565.0
1112.0 2897.0 -5580.0
1165.0 2902.0 -5600.0
1117.0 2912.0 -5540.0
1112.0 2877.0 -5545.0
1097.0 2907.0 -5600.0
1135.0 2882.0 -5595.0
1092.0 2867.0 -5595.0
1117.0 2882.0 -5610.0
1072.0 2925.0 -5595.0
1107.0 2872.0 -5575.0
1067.0 2872.0 -5620.0
1082.0 2907.0 -5605.0
1107.0 2912.0 -5610.0
1117.0 2882.0 -5610.0
1092.0 2907.0 -5570.0
1077.0 2887.0 -5560.0
1057.0 2897.0 -5535.0
1097.0 2902.0 -5560.0
1107.0 2975.0 -5600.0
1092.0 2935.0 -5565.0
1082.0 2907.0 -5530.0
1082.0 2897.0 -5565.0
1087.0 2917.0 -5595.0
975.0 2907.0 -5605.0
1005.0 2912.0 -5600.0
985.0 2912.0 -5610.0
980.0 2925.0 -5625.0
1015.0 2970.0 -5590.0
980.0 2907.0 -5625.0
1000.0 2960.0 -5630.0
1042.0 2907.0 -5605.0
970.0 2867.0 -5635.0
995.0 2902.0 -5600.0
1015.0 2917.0 -5615.0
1042.0 2897.0 -5620.0
1025.0 2912.0 -5635.0
1037.0 2940.0 -5585.0
1030.0 2925.0 -5550.0
1025.0 2912.0 -5555.0
1025.0 2965.0 -5605.0
1062.0 2925.0 -5605.0
1015.0 2917.0 -5600.0
1030.0 2897.0 -5590.0
1067.0 2935.0 -5595.0
1042.0 2907.0 -5575.0
1057.0 2912.0 -5535.0
1047.0 2902.0 -5595.0
1052.0 2897.0 -5530.0
1042.0 2907.0 -5610.0
1057.0 2912.0 -5595.0
1030.0 2862.0 -5580.0
1057.0 2907.0 -5605.0
1047.0 2925.0 -5600.0
1042.0 2912.0 -5605.0
1042.0 2925.0 -5590.0
1037.0 2925.0 -5580.0
1057.0 2945.0 -5630.0
1037.0 2925.0 -5625.0
1037.0 2917.0 -5620.0
1067.0 2935.0 -5550.0
1067.0 2955.0 -5600.0
1052.0 2935.0 -5565.0
1072.0 2970.0 -5620.0
1025.0 2912.0 -5615.0
1057.0 2975.0 -5605.0
1025.0 2930.0 -5590.0
1052.0 2925.0 -5595.0
1067.0 2945.0 -5555.0
1047.0 2907.0 -5620.0
1030.0 2925.0 -5625.0
1037.0 2940.0 -5630.0
1052.0 2950.0 -5630.0
902.0 2615.0 -5590.0
580.0 3457.0 -5502.0
590.0 3452.0 -5482.0
477.0 3202.0 -5507.0
445.0 3212.0 -5502.0
502.0 3202.0 -5545.0
477.0 3177.0 -5555.0
455.0 3242.0 -5525.0
487.0 3217.0 -5497.0
487.0 3222.0 -5525.0
440.0 3217.0 -5555.0
450.0 3222.0 -5525.0
482.0 3172.0 -5525.0
527.0 3172.0 -5497.0
502.0 3187.0 -5512.0
482.0 3242.0 -5555.0
492.0 3232.0 -5605.0
472.0 3227.0 -5560.0
507.0 3217.0 -5540.0
497.0 3227.0 -5517.0
497.0 3222.0 -5517.0
482.0 3232.0 -5492.0
497.0 3265.0 -5507.0
477.0 3232.0 -5492.0
497.0 3227.0 -5545.0
492.0 3212.0 -5517.0
522.0 3192.0 -5560.0
502.0 3227.0 -5545.0
547.0 3290.0 -5530.0
537.0 3222.0 -5512.0
497.0 3212.0 -5540.0
497.0 3227.0 -5517.0
492.0 3237.0 -5512.0
497.0 3265.0 -5570.0
487.0 3222.0 -5502.0
472.0 3237.0 -5540.0
472.0 3217.0 -5535.0
507.0 3212.0 -5545.0
512.0 3237.0 -5550.0
455.0 3217.0 -5530.0
487.0 3242.0 -5545.0
517.0 3222.0 -5560.0
517.0 3217.0 -5535.0
465.0 3295.0 -5535.0
465.0 3250.0 -5507.0
492.0 3192.0 -5482.0
537.0 3212.0 -5502.0
527.0 3202.0 -5530.0
517.0 3202.0 -5565.0
497.0 3232.0 -5535.0
455.0 3202.0 -5545.0
-5.0 1917.0 -5722.0
-5.0 1787.0 -5792.0
0.0 1710.0 -5752.0
0.0 1705.0 -5757.0
-15.0 1705.0 -5757.0
0.0 1660.0 -5757.0
-10.0 1597.0 -5782.0
0.0 1720.0 -5777.0
0.0 1690.0 -5762.0
0.0 1710.0 -5772.0
0.0 1675.0 -5727.0
-10.0 1645.0 -5752.0
0.0 1665.0 -5752.0
0.0 1645.0 -5747.0
0.0 1645.0 -5732.0
-5.0 1635.0 -5737.0
0.0 1650.0 -5772.0
-15.0 1700.0 -5807.0
0.0 1685.0 -5787.0
0.0 1685.0 -5767.0
0.0 1680.0 -5757.0
0.0 1670.0 -5767.0
0.0 1660.0 -5737.0
0.0 1675.0 -5777.0
-20.0 1650.0 -5822.0
0.0 1690.0 -5772.0
-50.0 1700.0 -5807.0
-15.0 1690.0 -5722.0
0.0 1655.0 -5762.0
-35.0 1645.0 -5767.0
-5.0 1640.0 -5777.0
0.0 1630.0 -5737.0
0.0 1690.0 -5757.0
0.0 1635.0 -5777.0
-5.0 1670.0 -5792.0
0.0 1660.0 -5752.0
-10.0 1635.0 -5787.0
0.0 1645.0 -5782.0
-5.0 1685.0 -5747.0
-35.0 1670.0 -5792.0
0.0 1675.0 -5747.0
-5.0 1695.0 -5807.0
0.0 1630.0 -5787.0
0.0 1660.0 -5712.0
0.0 1685.0 -5772.0
-5.0 1670.0 -5757.0
0.0 1607.0 -5742.0
-5.0 1695.0 -5762.0
-5.0 1680.0 -5782.0
0.0 1650.0 -5802.0
-302.0 832.0 -5152.0
-352.0 1060.0 -5112.0
-372.0 1055.0 -5157.0
-367.0 1035.0 -5167.0
-352.0 990.0 -5177.0
-362.0 1040.0 -5157.0
-347.0 985.0 -5122.0
-362.0 1025.0 -5137.0
-352.0 1015.0 -5177.0
-372.0 1025.0 -5167.0
-357.0 1045.0 -5152.0
-362.0 1045.0 -5147.0
-372.0 1035.0 -5122.0
-367.0 1010.0 -5152.0
-307.0 1035.0 -5077.0
-327.0 1050.0 -5162.0
-342.0 1065.0 -5147.0
-342.0 1045.0 -5137.0
-372.0 1045.0 -5137.0
-367.0 1050.0 -5200.0
-367.0 1065.0 -5147.0
-380.0 1090.0 -5132.0
-380.0 1065.0 -5127.0
-385.0 1100.0 -5187.0
-362.0 1040.0 -5162.0
-362.0 1035.0 -5172.0
-367.0 1095.0 -5172.0
-362.0 1015.0 -5157.0
-357.0 1070.0 -5167.0
-322.0 1055.0 -5192.0
-327.0 1010.0 -5200.0
-337.0 1020.0 -5142.0
-357.0 1025.0 -5172.0
-342.0 1015.0 -5162.0
-372.0 1065.0 -5122.0
-385.0 1065.0 -5152.0
-352.0 1015.0 -5182.0
-342.0 1060.0 -5147.0
-327.0 1025.0 -5182.0
-372.0 1025.0 -5162.0
-347.0 1055.0 -5127.0
-362.0 1090.0 -5162.0
-380.0 1095.0 -5107.0
-347.0 1055.0 -5172.0
-352.0 1010.0 -5192.0
-357.0 1055.0 -5187.0
-372.0 1040.0 -5177.0
-342.0 1020.0 -5162.0
-337.0 1055.0 -5210.0
-327.0 1030.0 -5187.0
-122.0 232.0 -5265.0
-55.0 115.0 -5280.0
-337.0 597.0 -5210.0
-332.0 832.0 -5157.0
-357.0 790.0 -5172.0
-390.0 765.0 -5162.0
-357.0 780.0 -5147.0
-367.0 760.0 -5200.0
-405.0 780.0 -5200.0
-342.0 730.0 -5220.0
-357.0 750.0 -5192.0
-362.0 745.0 -5205.0
-332.0 765.0 -5215.0
-312.0 795.0 -5187.0
-327.0 775.0 -5200.0
-362.0 780.0 -5200.0
-357.0 817.0 -5205.0
-347.0 780.0 -5187.0
-342.0 800.0 -5157.0
-332.0 795.0 -5172.0
-357.0 800.0 -5192.0
-362.0 790.0 -5205.0
-322.0 812.0 -5182.0
-362.0 775.0 -5167.0
-357.0 795.0 -5167.0
-380.0 775.0 -5177.0
-367.0 775.0 -5167.0
-395.0 770.0 -5172.0
-357.0 785.0 -5210.0
-372.0 755.0 -5235.0
-332.0 780.0 -5200.0
-367.0 745.0 -5157.0
-385.0 760.0 -5147.0
-352.0 780.0 -5172.0
-347.0 812.0 -5187.0
-362.0 775.0 -5182.0
-337.0 770.0 -5210.0
-327.0 790.0 -5200.0
-317.0 780.0 -5152.0
-380.0 760.0 -5172.0
-357.0 780.0 -5187.0
-347.0 790.0 -5147.0
-327.0 785.0 -5200.0
-347.0 765.0 -5200.0
-372.0 780.0 -5200.0
-342.0 800.0 -5157.0
-357.0 785.0 -5182.0
-347.0 765.0 -5192.0
-380.0 827.0 -5205.0
-367.0 790.0 -5220.0
-102.0 155.0 -5255.0
-107.0 130.0 -5275.0
-122.0 155.0 -5280.0
-172.0 212.0 -5240.0
-162.0 232.0 -5187.0
-167.0 252.0 -5215.0
-147.0 227.0 -5250.0
-182.0 222.0 -5220.0
-167.0 242.0 -5280.0
-152.0 202.0 -5250.0
-162.0 207.0 -5250.0
-172.0 227.0 -5230.0
-210.0 257.0 -5230.0
-195.0 237.0 -5230.0
-97.0 155.0 -5295.0
-182.0 252.0 -5260.0
-172.0 217.0 -5215.0
-177.0 237.0 -5260.0
-317.0 445.0 -5230.0
-322.0 502.0 -5255.0
-287.0 492.0 -5215.0
-322.0 552.0 -5260.0
-352.0 597.0 -5265.0
-357.0 607.0 -5235.0
-362.0 602.0 -5192.0
-367.0 622.0 -5177.0
-327.0 562.0 -5192.0
-395.0 617.0 -5220.0
-332.0 547.0 -5210.0
-357.0 597.0 -5220.0
-347.0 587.0 -5200.0
-342.0 587.0 -5230.0
-342.0 572.0 -5215.0
-352.0 582.0 -5200.0
-332.0 532.0 -5182.0
-352.0 592.0 -5235.0
-337.0 582.0 -5275.0
-347.0 592.0 -5200.0
-317.0 547.0 -5235.0
-342.0 537.0 -5205.0
-337.0 582.0 -5205.0
-362.0 622.0 -5192.0
-337.0 557.0 -5240.0
-372.0 552.0 -5230.0
-347.0 572.0 -5250.0
-322.0 552.0 -5157.0
-362.0 582.0 -5225.0
-337.0 557.0 -5215.0
-357.0 557.0 -5220.0
-372.0 592.0 -5250.0
-172.0 155.0 -5265.0
-142.0 135.0 -5315.0
-122.0 120.0 -5325.0
-147.0 125.0 -5310.0
-162.0 172.0 -5320.0
-97.0 110.0 -5280.0
-117.0 135.0 -5285.0
-122.0 110.0 -5265.0
-122.0 105.0 -5330.0
-137.0 120.0 -5315.0
-122.0 135.0 -5280.0
-137.0 145.0 -5285.0
-137.0 140.0 -5280.0
-102.0 120.0 -5275.0
-112.0 95.0 -5315.0
-157.0 167.0 -5295.0
-137.0 140.0 -5265.0
-195.0 182.0 -5255.0
-205.0 217.0 -5265.0
-220.0 262.0 -5215.0
-182.0 202.0 -5235.0
-190.0 222.0 -5260.0
-225.0 202.0 -5200.0
-225.0 202.0 -5285.0
-172.0 197.0 -5335.0
-172.0 150.0 -5300.0
-157.0 172.0 -5285.0
-117.0 130.0 -5270.0
-225.0 217.0 -5290.0
-205.0 202.0 -5240.0
-190.0 207.0 -5245.0
-220.0 212.0 -5280.0
-230.0 222.0 -5240.0
-215.0 242.0 -5230.0
-225.0 237.0 -5255.0
-205.0 222.0 -5235.0
-225.0 192.0 -5230.0
-220.0 217.0 -5205.0
-210.0 232.0 -5192.0
-255.0 242.0 -5240.0
-250.0 232.0 -5220.0
-215.0 217.0 -5235.0
-240.0 207.0 -5225.0
-255.0 217.0 -5310.0
-230.0 197.0 -5305.0
-162.0 192.0 -5265.0
-240.0 202.0 -5240.0
-230.0 197.0 -5245.0
-210.0 237.0 -5255.0
-215.0 237.0 -5210.0
-182.0 135.0 -5280.0
-195.0 120.0 -5265.0
-162.0 95.0 -5290.0
-152.0 95.0 -5290.0
-205.0 150.0 -5295.0
-152.0 105.0 -5300.0
-147.0 90.0 -5255.0
-147.0 110.0 -5225.0
-137.0 105.0 -5305.0
-127.0 85.0 -5285.0
-162.0 105.0 -5310.0
-147.0 115.0 -5245.0
-167.0 140.0 -5295.0
-127.0 105.0 -5285.0
-157.0 125.0 -5295.0
-137.0 100.0 -5285.0
-162.0 100.0 -5320.0
-117.0 90.0 -5350.0
-152.0 110.0 -5295.0
-147.0 105.0 -5260.0
-142.0 90.0 -5240.0
-137.0 80.0 -5275.0
-177.0 115.0 -5305.0
-152.0 95.0 -5285.0
-117.0 95.0 -5295.0
-172.0 120.0 -5305.0
-142.0 100.0 -5335.0
-112.0 75.0 -5290.0
-132.0 85.0 -5320.0
-167.0 115.0 -5285.0
-147.0 110.0 -5320.0
-117.0 90.0 -5295.0
-137.0 80.0 -5320.0
-152.0 125.0 -5250.0
-137.0 95.0 -5280.0
-137.0 85.0 -5295.0
-152.0 100.0 -5265.0
-182.0 110.0 -5305.0
-147.0 95.0 -5340.0
-157.0 130.0 -5350.0
-162.0 100.0 -5295.0
-137.0 95.0 -5305.0
-172.0 100.0 -5275.0
-172.0 105.0 -5270.0
-147.0 100.0 -5285.0
-137.0 105.0 -5295.0
-142.0 90.0 -5320.0
-137.0 90.0 -5305.0
-167.0 115.0 -5290.0
-177.0 120.0 -5295.0
-190.0 80.0 -5315.0
-112.0 60.0 -5315.0
-157.0 65.0 -5300.0
-70.0 40.0 -5295.0
-50.0 25.0 -5350.0
-195.0 110.0 -5295.0
-172.0 95.0 -5335.0
-215.0 80.0 -5300.0
-172.0 85.0 -5310.0
-182.0 100.0 -5290.0
-195.0 100.0 -5325.0
-152.0 80.0 -5285.0
-172.0 85.0 -5280.0
-147.0 80.0 -5290.0
-215.0 100.0 -5320.0
-137.0 65.0 -5315.0
-137.0 75.0 -5265.0
-162.0 85.0 -5310.0
-190.0 90.0 -5300.0
-147.0 75.0 -5275.0
-147.0 80.0 -5275.0
-157.0 60.0 -5295.0
-157.0 75.0 -5310.0
-167.0 90.0 -5310.0
-195.0 75.0 -5280.0
-132.0 55.0 -5285.0
-162.0 75.0 -5300.0
-182.0 100.0 -5300.0
-162.0 75.0 -5305.0
-122.0 60.0 -5300.0
-182.0 95.0 -5340.0
-147.0 55.0 -5345.0
-172.0 85.0 -5300.0
-132.0 50.0 -5310.0
-132.0 75.0 -5255.0
-142.0 60.0 -5285.0
-142.0 75.0 -5290.0
-137.0 60.0 -5290.0
-162.0 75.0 -5285.0
-162.0 65.0 -5265.0
-137.0 65.0 -5290.0
-147.0 80.0 -5285.0
-132.0 55.0 -5265.0
-157.0 75.0 -5200.0
-147.0 65.0 -5230.0
-122.0 70.0 -5270.0
-142.0 60.0 -5260.0
-137.0 55.0 -5270.0
-142.0 65.0 -5260.0
-147.0 75.0 -5270.0
-162.0 55.0 -5300.0
-230.0 45.0 -5305.0
-162.0 35.0 -5305.0
-75.0 15.0 -5265.0
-132.0 25.0 -5305.0
-65.0 20.0 -5330.0
-40.0 10.0 -5330.0
-137.0 35.0 -5330.0
-200.0 50.0 -5250.0
-195.0 65.0 -5295.0
-200.0 60.0 -5265.0
-167.0 60.0 -5275.0
-85.0 30.0 -5335.0
-157.0 50.0 -5280.0
-147.0 40.0 -5362.0
-142.0 35.0 -5300.0
-112.0 40.0 -5295.0
-167.0 45.0 -5275.0
-147.0 30.0 -5250.0
-137.0 40.0 -5310.0
-182.0 40.0 -5290.0
-177.0 40.0 -5275.0
-177.0 50.0 -5270.0
-137.0 40.0 -5300.0
-182.0 60.0 -5250.0
-172.0 50.0 -5250.0
-190.0 45.0 -5300.0
-200.0 70.0 -5230.0
-177.0 35.0 -5255.0
-177.0 60.0 -5290.0
-172.0 60.0 -5280.0
-127.0 40.0 -5290.0
-132.0 40.0 -5265.0
-157.0 50.0 -5290.0
-172.0 50.0 -5285.0
-172.0 55.0 -5260.0
-195.0 35.0 -5310.0
-147.0 40.0 -5240.0
-137.0 25.0 -5280.0
-157.0 30.0 -5270.0
-142.0 45.0 -5285.0
-127.0 35.0 -5275.0
-172.0 50.0 -5235.0
-172.0 35.0 -5260.0
-167.0 45.0 -5235.0
-152.0 45.0 -5280.0
-157.0 55.0 -5330.0
-167.0 55.0 -5275.0
-152.0 35.0 -5265.0
-167.0 55.0 -5275.0
-190.0 5.0 -5330.0
-117.0 15.0 -5320.0
-177.0 10.0 -5305.0
-97.0 10.0 -5330.0
-80.0 10.0 -5310.0
-132.0 10.0 -5340.0
-210.0 10.0 -5335.0
-147.0 5.0 -5310.0
-190.0 5.0 -5275.0
-177.0 25.0 -5295.0
-117.0 10.0 -5250.0
-157.0 10.0 -5325.0
-167.0 25.0 -5315.0
-182.0 10.0 -5305.0
-177.0 5.0 -5310.0
-157.0 10.0 -5290.0
-167.0 5.0 -5300.0
-122.0 10.0 -5305.0
-147.0 25.0 -5330.0
-172.0 10.0 -5295.0
-132.0 10.0 -5275.0
-142.0 15.0 -5295.0
-157.0 25.0 -5335.0
-102.0 10.0 -5300.0
-157.0 25.0 -5270.0
-182.0 10.0 -5300.0
-152.0 20.0 -5280.0
-142.0 15.0 -5285.0
-265.0 10.0 -5270.0
-152.0 20.0 -5345.0
-167.0 20.0 -5300.0
-182.0 30.0 -5345.0
-230.0 35.0 -5310.0
-162.0 15.0 -5270.0
-210.0 35.0 -5335.0
-157.0 25.0 -5305.0
-172.0 25.0 -5295.0
-240.0 30.0 -5345.0
-210.0 20.0 -5325.0
-210.0 20.0 -5280.0
-132.0 20.0 -5315.0
-182.0 5.0 -5325.0
-172.0 20.0 -5255.0
-225.0 30.0 -5290.0
-142.0 25.0 -5340.0
-152.0 15.0 -5340.0
-90.0 10.0 -5340.0
-122.0 10.0 -5310.0
-142.0 25.0 -5320.0
-162.0 25.0 -5350.0
-182.0 -20.0 -5290.0
-102.0 0.0 -5340.0
-142.0 -20.0 -5340.0
-122.0 -20.0 -5300.0
-157.0 -10.0 -5320.0
-127.0 0.0 -5255.0
-97.0 0.0 -5280.0
-85.0 -10.0 -5285.0
-127.0 -15.0 -5320.0
-102.0 -15.0 -5275.0
-127.0 0.0 -5340.0
-157.0 -15.0 -5280.0
-107.0 -15.0 -5280.0
-102.0 -10.0 -5330.0
-117.0 -5.0 -5300.0
-112.0 -15.0 -5270.0
-85.0 -10.0 -5320.0
-97.0 -10.0 -5290.0
-107.0 -10.0 -5335.0
-60.0 -10.0 -5320.0
-107.0 -10.0 -5305.0
-75.0 -10.0 -5295.0
-85.0 0.0 -5335.0
-122.0 -20.0 -5305.0
-147.0 -20.0 -5285.0
-85.0 -10.0 -5320.0
-112.0 -15.0 -5305.0
-117.0 -20.0 -5290.0
-70.0 -10.0 -5275.0
-112.0 0.0 -5340.0
-55.0 -5.0 -5270.0
-85.0 0.0 -5315.0
-107.0 0.0 -5315.0
-127.0 -20.0 -5325.0
-117.0 -5.0 -5325.0
-50.0 0.0 -5285.0
-50.0 0.0 -5300.0
-102.0 0.0 -5345.0
-147.0 0.0 -5315.0
-97.0 -5.0 -5335.0
-122.0 0.0 -5280.0
-117.0 0.0 -5305.0
-112.0 -15.0 -5295.0
-127.0 0.0 -5285.0
-167.0 -25.0 -5290.0
-190.0 0.0 -5330.0
-167.0 -20.0 -5315.0
-70.0 0.0 -5305.0
-102.0 -10.0 -5315.0
-85.0 0.0 -5367.0
-152.0 -30.0 -5340.0
-97.0 -35.0 -5330.0
-75.0 -25.0 -5320.0
-147.0 -30.0 -5300.0
-142.0 -35.0 -5315.0
-137.0 -25.0 -5280.0
-127.0 -40.0 -5310.0
-127.0 -30.0 -5305.0
-107.0 -35.0 -5310.0
-117.0 -25.0 -5315.0
-112.0 -40.0 -5330.0
-137.0 -30.0 -5265.0
-117.0 -25.0 -5320.0
-75.0 -15.0 -5350.0
-112.0 -25.0 -5300.0
-127.0 -40.0 -5290.0
-85.0 -25.0 -5310.0
-75.0 -15.0 -5300.0
-112.0 -30.0 -5330.0
-132.0 -40.0 -5300.0
-117.0 -35.0 -5285.0
-80.0 -15.0 -5340.0
-107.0 -35.0 -5295.0
-75.0 -20.0 -5315.0
-90.0 -20.0 -5325.0
-85.0 -25.0 -5320.0
-117.0 -40.0 -5325.0
-97.0 -25.0 -5330.0
-107.0 -35.0 -5315.0
-107.0 -35.0 -5325.0
-112.0 -20.0 -5310.0
-152.0 -35.0 -5300.0
-152.0 -35.0 -5325.0
-80.0 -15.0 -5295.0
-132.0 -30.0 -5345.0
-122.0 -35.0 -5320.0
-137.0 -45.0 -5310.0
-112.0 -35.0 -5315.0
-147.0 -35.0 -5310.0
-85.0 -20.0 -5320.0
-55.0 -10.0 -5355.0
-90.0 -25.0 -5320.0
-107.0 -20.0 -5372.0
-112.0 -25.0 -5345.0
-107.0 -35.0 -5290.0
-85.0 -30.0 -5320.0
-80.0 -15.0 -5290.0
-97.0 -25.0 -5315.0
-102.0 -25.0 -5315.0
-90.0 -25.0 -5355.0
-137.0 -75.0 -5305.0
-132.0 -70.0 -5305.0
-162.0 -75.0 -5295.0
-137.0 -65.0 -5300.0
-107.0 -55.0 -5280.0
-107.0 -45.0 -5340.0
-80.0 -35.0 -5387.0
-122.0 -60.0 -5340.0
-117.0 -65.0 -5320.0
-102.0 -45.0 -5310.0
-75.0 -35.0 -5325.0
-127.0 -55.0 -5355.0
-102.0 -50.0 -5372.0
-65.0 -30.0 -5362.0
-97.0 -50.0 -5285.0
-102.0 -45.0 -5295.0
-65.0 -25.0 -5330.0
-147.0 -55.0 -5340.0
-85.0 -35.0 -5320.0
-102.0 -50.0 -5280.0
-97.0 -40.0 -5310.0
-112.0 -45.0 -5315.0
-102.0 -55.0 -5350.0
-122.0 -50.0 -5280.0
-107.0 -45.0 -5300.0
-75.0 -30.0 -5300.0
-90.0 -50.0 -5330.0
-97.0 -40.0 -5300.0
-80.0 -40.0 -5325.0
-85.0 -35.0 -5275.0
-132.0 -60.0 -5285.0
-102.0 -50.0 -5325.0
-117.0 -55.0 -5320.0
-97.0 -50.0 -5310.0
-122.0 -65.0 -5310.0
-80.0 -40.0 -5310.0
-107.0 -50.0 -5305.0
-97.0 -45.0 -5315.0
-112.0 -50.0 -5335.0
-80.0 -30.0 -5335.0
-127.0 -65.0 -5310.0
-102.0 -45.0 -5335.0
-60.0 -25.0 -5290.0
-90.0 -35.0 -5345.0
-75.0 -30.0 -5260.0
-90.0 -45.0 -5270.0
-102.0 -55.0 -5300.0
-90.0 -45.0 -5377.0
-80.0 -30.0 -5345.0
-107.0 -45.0 -5362.0
-142.0 -100.0 -5345.0
-122.0 -90.0 -5310.0
-117.0 -85.0 -5340.0
-97.0 -70.0 -5305.0
-147.0 -120.0 -5315.0
-70.0 -45.0 -5345.0
-117.0 -80.0 -5350.0
-85.0 -65.0 -5402.0
-60.0 -50.0 -5355.0
-97.0 -75.0 -5382.0
-172.0 -115.0 -5345.0
-80.0 -50.0 -5350.0
-142.0 -95.0 -5372.0
-152.0 -105.0 -5377.0
-97.0 -80.0 -5315.0
-137.0 -100.0 -5300.0
-107.0 -75.0 -5300.0
-97.0 -80.0 -5325.0
-127.0 -90.0 -5340.0
-70.0 -55.0 -5315.0
-102.0 -80.0 -5345.0
-85.0 -70.0 -5330.0
-102.0 -80.0 -5340.0
-127.0 -80.0 -5305.0
-107.0 -70.0 -5325.0
-137.0 -85.0 -5280.0
-85.0 -65.0 -5305.0
-112.0 -70.0 -5320.0
-97.0 -75.0 -5315.0
-65.0 -50.0 -5330.0
-60.0 -40.0 -5310.0
-117.0 -85.0 -5290.0
-97.0 -75.0 -5362.0
-97.0 -80.0 -5310.0
-80.0 -55.0 -5367.0
-85.0 -60.0 -5335.0
-107.0 -70.0 -5340.0
-85.0 -65.0 -5350.0
-90.0 -75.0 -5320.0
-147.0 -100.0 -5295.0
-65.0 -50.0 -5320.0
-85.0 -70.0 -5315.0
-65.0 -50.0 -5340.0
-90.0 -75.0 -5320.0
-60.0 -50.0 -5295.0
-85.0 -60.0 -5355.0
-90.0 -75.0 -5330.0
-75.0 -60.0 -5320.0
-80.0 -65.0 -5290.0
-80.0 -60.0 -5345.0
-80.0 -80.0 -5392.0
-112.0 -95.0 -5362.0
-132.0 -130.0 -5335.0
-107.0 -115.0 -5275.0
-102.0 -110.0 -5367.0
-122.0 -130.0 -5320.0
-102.0 -110.0 -5325.0
-102.0 -105.0 -5320.0
-85.0 -90.0 -5367.0
-117.0 -115.0 -5372.0
-107.0 -125.0 -5320.0
-132.0 -125.0 -5315.0
-107.0 -120.0 -5345.0
-122.0 -130.0 -5355.0
-117.0 -130.0 -5335.0
-90.0 -105.0 -5315.0
-97.0 -90.0 -5335.0
-112.0 -125.0 -5340.0
-102.0 -115.0 -5330.0
-122.0 -130.0 -5305.0
-90.0 -105.0 -5320.0
-90.0 -90.0 -5310.0
-117.0 -100.0 -5345.0
-122.0 -105.0 -5355.0
-97.0 -85.0 -5295.0
-112.0 -130.0 -5345.0
-85.0 -100.0 -5340.0
-137.0 -145.0 -5315.0
-85.0 -90.0 -5345.0
-102.0 -120.0 -5362.0
-80.0 -80.0 -5330.0
-97.0 -115.0 -5320.0
-97.0 -95.0 -5320.0
-117.0 -125.0 -5372.0
-107.0 -105.0 -5325.0
-80.0 -85.0 -5335.0
-97.0 -90.0 -5330.0
-127.0 -130.0 -5325.0
-55.0 -65.0 -5335.0
-122.0 -135.0 -5290.0
-90.0 -105.0 -5355.0
-107.0 -115.0 -5377.0
-132.0 -125.0 -5372.0
-102.0 -115.0 -5355.0
-80.0 -90.0 -5350.0
-90.0 -105.0 -5335.0
-117.0 -125.0 -5350.0
-102.0 -95.0 -5387.0
-70.0 -75.0 -5305.0
-127.0 -150.0 -5300.0
-107.0 -150.0 -5330.0
-152.0 -197.0 -5315.0
-107.0 -162.0 -5335.0
-70.0 -95.0 -5320.0
-107.0 -162.0 -5372.0
-85.0 -110.0 -5315.0
-80.0 -125.0 -5305.0
-60.0 -90.0 -5340.0
-85.0 -145.0 -5362.0
-75.0 -105.0 -5305.0
-70.0 -120.0 -5345.0
-70.0 -105.0 -5280.0
-107.0 -130.0 -5330.0
-75.0 -125.0 -5335.0
-80.0 -130.0 -5330.0
-90.0 -120.0 -5315.0
-90.0 -135.0 -5345.0
-97.0 -120.0 -5367.0
-90.0 -140.0 -5310.0
-107.0 -135.0 -5285.0
-102.0 -150.0 -5310.0
-102.0 -125.0 -5350.0
-80.0 -120.0 -5372.0
-85.0 -140.0 -5280.0
-80.0 -125.0 -5295.0
-60.0 -90.0 -5280.0
-102.0 -145.0 -5340.0
-107.0 -150.0 -5295.0
-75.0 -120.0 -5397.0
-90.0 -110.0 -5340.0
-80.0 -115.0 -5320.0
-70.0 -105.0 -5330.0
-75.0 -125.0 -5320.0
-90.0 -150.0 -5345.0
-55.0 -95.0 -5362.0
-97.0 -130.0 -5315.0
-85.0 -140.0 -5345.0
-70.0 -120.0 -5362.0
-75.0 -95.0 -5305.0
-85.0 -135.0 -5340.0
-90.0 -145.0 -5345.0
-107.0 -140.0 -5345.0
-85.0 -145.0 -5345.0
-107.0 -145.0 -5285.0
-97.0 -145.0 -5355.0
-85.0 -120.0 -5362.0
-102.0 -150.0 -5432.0
-112.0 -140.0 -5377.0
-85.0 -140.0 -5305.0
-80.0 -120.0 -5350.0
-45.0 -120.0 -5345.0
-70.0 -155.0 -5315.0
-107.0 -292.0 -5335.0
-85.0 -197.0 -5310.0
-112.0 -237.0 -5387.0
-97.0 -222.0 -5377.0
-112.0 -267.0 -5335.0
-102.0 -257.0 -5315.0
-90.0 -232.0 -5367.0
-85.0 -192.0 -5335.0
-85.0 -202.0 -5340.0
-85.0 -222.0 -5330.0
-90.0 -202.0 -5355.0
-97.0 -222.0 -5335.0
-90.0 -172.0 -5325.0
-90.0 -187.0 -5310.0
-70.0 -177.0 -5355.0
-75.0 -192.0 -5320.0
-75.0 -202.0 -5315.0
-70.0 -182.0 -5315.0
-70.0 -162.0 -5320.0
-65.0 -155.0 -5335.0
-80.0 -192.0 -5315.0
-70.0 -187.0 -5310.0
-90.0 -212.0 -5325.0
-97.0 -197.0 -5315.0
-70.0 -182.0 -5377.0
-70.0 -167.0 -5350.0
-75.0 -192.0 -5330.0
-70.0 -177.0 -5367.0
-85.0 -227.0 -5362.0
-97.0 -222.0 -5340.0
-70.0 -182.0 -5325.0
-102.0 -207.0 -5320.0
-107.0 -232.0 -5335.0
-80.0 -187.0 -5315.0
-80.0 -202.0 -5320.0
-75.0 -187.0 -5350.0
-90.0 -172.0 -5335.0
-90.0 -192.0 -5320.0
-65.0 -177.0 -5362.0
-102.0 -187.0 -5367.0
-107.0 -187.0 -5310.0
-85.0 -192.0 -5377.0
-90.0 -237.0 -5402.0
-70.0 -187.0 -5325.0
-75.0 -192.0 -5350.0
-97.0 -242.0 -5330.0
-75.0 -182.0 -5315.0
-80.0 -202.0 -5387.0
-60.0 -282.0 -5350.0
-60.0 -297.0 -5340.0
-50.0 -277.0 -5345.0
-55.0 -262.0 -5325.0
-75.0 -282.0 -5285.0
-70.0 -282.0 -5355.0
-55.0 -257.0 -5392.0
-60.0 -277.0 -5387.0
-70.0 -325.0 -5320.0
-75.0 -302.0 -5377.0
-65.0 -325.0 -5397.0
-65.0 -317.0 -5340.0
-50.0 -267.0 -5377.0
-55.0 -307.0 -5382.0
-55.0 -232.0 -5367.0
-50.0 -237.0 -5412.0
-45.0 -252.0 -5372.0
-50.0 -237.0 -5340.0
-50.0 -282.0 -5355.0
-65.0 -302.0 -5367.0
-70.0 -325.0 -5377.0
-60.0 -242.0 -5335.0
-50.0 -257.0 -5350.0
-55.0 -227.0 -5387.0
-75.0 -222.0 -5325.0
-80.0 -262.0 -5315.0
-70.0 -242.0 -5315.0
-45.0 -197.0 -5325.0
-50.0 -262.0 -5367.0
-45.0 -252.0 -5382.0
-55.0 -262.0 -5367.0
-75.0 -237.0 -5325.0
-80.0 -287.0 -5330.0
-70.0 -247.0 -5377.0
-75.0 -222.0 -5362.0
-65.0 -237.0 -5372.0
-55.0 -262.0 -5372.0
-60.0 -282.0 -5355.0
-90.0 -287.0 -5392.0
-75.0 -252.0 -5350.0
-70.0 -247.0 -5382.0
-50.0 -257.0 -5350.0
-55.0 -232.0 -5412.0
-60.0 -242.0 -5355.0
-70.0 -307.0 -5372.0
-45.0 -242.0 -5320.0
-45.0 -247.0 -5387.0
-55.0 -257.0 -5305.0
-55.0 -292.0 -5330.0
-65.0 -297.0 -5340.0
-20.0 -395.0 -5412.0
-5.0 -390.0 -5397.0
-35.0 -400.0 -5407.0
-20.0 -390.0 -5367.0
-30.0 -415.0 -5392.0
-10.0 -410.0 -5397.0
-5.0 -365.0 -5355.0
-50.0 -307.0 -5320.0
-35.0 -272.0 -5387.0
-10.0 -287.0 -5387.0
-10.0 -312.0 -5377.0
-30.0 -292.0 -5362.0
-5.0 -302.0 -5372.0
-40.0 -257.0 -5330.0
-30.0 -252.0 -5340.0
-40.0 -287.0 -5330.0
-15.0 -242.0 -5305.0
-15.0 -257.0 -5382.0
-5.0 -277.0 -5402.0
-40.0 -277.0 -5345.0
-45.0 -277.0 -5325.0
-40.0 -282.0 -5335.0
-45.0 -307.0 -5377.0
-10.0 -330.0 -5392.0
-20.0 -267.0 -5377.0
-10.0 -272.0 -5355.0
-10.0 -272.0 -5422.0
-45.0 -317.0 -5412.0
-35.0 -297.0 -5335.0
-30.0 -297.0 -5397.0
-40.0 -325.0 -5377.0
-15.0 -307.0 -5377.0
-30.0 -272.0 -5325.0
-40.0 -252.0 -5362.0
-15.0 -252.0 -5392.0
-10.0 -267.0 -5432.0
-25.0 -262.0 -5402.0
-10.0 -312.0 -5427.0
-20.0 -287.0 -5355.0
-10.0 -325.0 -5362.0
-5.0 -252.0 -5377.0
-45.0 -292.0 -5397.0
-40.0 -292.0 -5367.0
-10.0 -307.0 -5345.0
-5.0 -277.0 -5377.0
-5.0 -297.0 -5372.0
-15.0 -252.0 -5387.0
-45.0 -282.0 -5372.0
-15.0 -267.0 -5367.0
-10.0 -287.0 -5290.0
75.0 -602.0 -5367.0
80.0 -572.0 -5412.0
90.0 -632.0 -5502.0
75.0 -542.0 -5427.0
10.0 -470.0 -5402.0
15.0 -325.0 -5392.0
15.0 -360.0 -5355.0
45.0 -395.0 -5397.0
10.0 -450.0 -5417.0
40.0 -410.0 -5397.0
60.0 -360.0 -5392.0
30.0 -345.0 -5382.0
35.0 -375.0 -5377.0
25.0 -380.0 -5432.0
45.0 -365.0 -5407.0
65.0 -370.0 -5437.0
60.0 -350.0 -5387.0
60.0 -405.0 -5412.0
0.0 -370.0 -5392.0
0.0 -370.0 -5367.0
0.0 -400.0 -5382.0
25.0 -405.0 -5412.0
0.0 -395.0 -5437.0
45.0 -400.0 -5362.0
35.0 -380.0 -5402.0
55.0 -410.0 -5330.0
65.0 -390.0 -5387.0
50.0 -415.0 -5427.0
50.0 -385.0 -5392.0
20.0 -415.0 -5345.0
5.0 -400.0 -5382.0
5.0 -400.0 -5367.0
5.0 -395.0 -5397.0
0.0 -385.0 -5350.0
5.0 -395.0 -5402.0
40.0 -405.0 -5392.0
65.0 -380.0 -5387.0
55.0 -390.0 -5387.0
70.0 -410.0 -5367.0
65.0 -390.0 -5402.0
65.0 -405.0 -5340.0
35.0 -355.0 -5412.0
20.0 -370.0 -5397.0
5.0 -415.0 -5387.0
10.0 -380.0 -5355.0
15.0 -395.0 -5377.0
0.0 -400.0 -5372.0
30.0 -360.0 -5382.0
35.0 -390.0 -5392.0
20.0 -425.0 -5382.0
240.0 -882.0 -5457.0
210.0 -817.0 -5467.0
137.0 -695.0 -5432.0
147.0 -665.0 -5345.0
142.0 -602.0 -5442.0
255.0 -765.0 -5462.0
195.0 -715.0 -5427.0
235.0 -785.0 -5407.0
230.0 -740.0 -5477.0
215.0 -720.0 -5402.0
235.0 -740.0 -5437.0
235.0 -725.0 -5472.0
245.0 -710.0 -5432.0
200.0 -715.0 -5417.0
230.0 -760.0 -5457.0
245.0 -715.0 -5427.0
220.0 -745.0 -5417.0
250.0 -715.0 -5432.0
240.0 -745.0 -5457.0
230.0 -750.0 -5447.0
177.0 -725.0 -5412.0
200.0 -735.0 -5427.0
215.0 -750.0 -5422.0
172.0 -770.0 -5437.0
235.0 -740.0 -5427.0
255.0 -725.0 -5417.0
220.0 -750.0 -5472.0
240.0 -695.0 -5447.0
265.0 -745.0 -5447.0
240.0 -675.0 -5432.0
225.0 -745.0 -5452.0
200.0 -755.0 -5462.0
230.0 -765.0 -5482.0
182.0 -735.0 -5467.0
205.0 -730.0 -5437.0
190.0 -730.0 -5427.0
215.0 -680.0 -5442.0
230.0 -685.0 -5447.0
230.0 -755.0 -5437.0
240.0 -745.0 -5452.0
250.0 -780.0 -5407.0
250.0 -690.0 -5397.0
240.0 -740.0 -5477.0
235.0 -800.0 -5437.0
230.0 -750.0 -5462.0
245.0 -750.0 -5457.0
215.0 -750.0 -5462.0
195.0 -730.0 -5447.0
230.0 -745.0 -5452.0
177.0 -790.0 -5487.0
840.0 -1542.0 -5595.0
775.0 -1477.0 -5595.0
565.0 -1217.0 -5530.0
547.0 -1227.0 -5502.0
610.0 -1272.0 -5525.0
585.0 -1237.0 -5530.0
585.0 -1252.0 -5530.0
575.0 -1257.0 -5502.0
620.0 -1282.0 -5512.0
580.0 -1305.0 -5545.0
630.0 -1305.0 -5575.0
640.0 -1292.0 -5530.0
630.0 -1237.0 -5545.0
650.0 -1247.0 -5530.0
657.0 -1222.0 -5512.0
625.0 -1277.0 -5535.0
557.0 -1242.0 -5555.0
615.0 -1272.0 -5560.0
600.0 -1262.0 -5560.0
625.0 -1267.0 -5590.0
640.0 -1277.0 -5525.0
635.0 -1272.0 -5512.0
610.0 -1257.0 -5560.0
615.0 -1252.0 -5517.0
640.0 -1232.0 -5517.0
657.0 -1242.0 -5565.0
610.0 -1262.0 -5512.0
657.0 -1247.0 -5487.0
635.0 -1257.0 -5555.0
600.0 -1252.0 -5570.0
657.0 -1232.0 -5565.0
595.0 -1310.0 -5575.0
580.0 -1267.0 -5560.0
585.0 -1257.0 -5535.0
557.0 -1300.0 -5570.0
590.0 -1262.0 -5555.0
580.0 -1267.0 -5530.0
610.0 -1227.0 -5545.0
650.0 -1262.0 -5595.0
667.0 -1247.0 -5560.0
687.0 -1197.0 -5530.0
625.0 -1227.0 -5555.0
657.0 -1242.0 -5550.0
625.0 -1282.0 -5565.0
610.0 -1212.0 -5565.0
630.0 -1252.0 -5550.0
625.0 -1242.0 -5570.0
640.0 -1277.0 -5580.0
557.0 -1262.0 -5570.0
620.0 -1272.0 -5555.0
1807.0 -2252.0 -5752.0
1755.0 -2217.0 -5737.0
1770.0 -2257.0 -5747.0
1797.0 -2212.0 -5722.0
1867.0 -2232.0 -5727.0
1862.0 -2252.0 -5777.0
1842.0 -2262.0 -5717.0
1885.0 -2275.0 -5767.0
1847.0 -2280.0 -5777.0
1837.0 -2252.0 -5757.0
1867.0 -2242.0 -5752.0
1900.0 -2280.0 -5787.0
1872.0 -2262.0 -5752.0
1862.0 -2232.0 -5777.0
1852.0 -2222.0 -5752.0
1872.0 -2295.0 -5777.0
1852.0 -2275.0 -5772.0
1885.0 -2275.0 -5767.0
1862.0 -2262.0 -5717.0
1857.0 -2222.0 -5732.0
1900.0 -2300.0 -5732.0
1895.0 -2275.0 -5772.0
1867.0 -2242.0 -5752.0
1880.0 -2242.0 -5767.0
1862.0 -2257.0 -5772.0
1852.0 -2267.0 -5772.0
1885.0 -2305.0 -5777.0
1880.0 -2262.0 -5782.0
1872.0 -2242.0 -5767.0
1885.0 -2247.0 -5772.0
1857.0 -2252.0 -5752.0
1832.0 -2232.0 -5712.0
1852.0 -2237.0 -5707.0
1880.0 -2257.0 -5737.0
1915.0 -2285.0 -5757.0
1885.0 -2280.0 -5827.0
1872.0 -2242.0 -5742.0
1842.0 -2222.0 -5777.0
1880.0 -2242.0 -5832.0
1872.0 -2252.0 -5792.0
1895.0 -2262.0 -5707.0
1852.0 -2280.0 -5762.0
1872.0 -2257.0 -5747.0
1880.0 -2257.0 -5772.0
1862.0 -2247.0 -5772.0
1885.0 -2257.0 -5782.0
1857.0 -2242.0 -5767.0
1847.0 -2222.0 -5762.0
1832.0 -2242.0 -5817.0
1842.0 -2237.0 -5777.0
1107.0 -967.0 -5895.0
1210.0 -1065.0 -5920.0
1627.0 -1400.0 -5945.0
1627.0 -1420.0 -5940.0
1622.0 -1385.0 -5925.0
1632.0 -1390.0 -5960.0
1612.0 -1395.0 -5915.0
1637.0 -1430.0 -5940.0
1642.0 -1390.0 -5920.0
1580.0 -1400.0 -5980.0
1632.0 -1405.0 -5930.0
1647.0 -1400.0 -5895.0
1627.0 -1390.0 -5925.0
1642.0 -1395.0 -5935.0
1602.0 -1370.0 -5915.0
1597.0 -1380.0 -5960.0
1602.0 -1345.0 -5945.0
1617.0 -1375.0 -5935.0
1632.0 -1410.0 -5985.0
1642.0 -1390.0 -5930.0
1617.0 -1365.0 -5955.0
1622.0 -1375.0 -5960.0
1632.0 -1375.0 -5910.0
1657.0 -1395.0 -5935.0
1622.0 -1380.0 -5925.0
1607.0 -1360.0 -5935.0
1627.0 -1385.0 -5950.0
1637.0 -1380.0 -5960.0
1617.0 -1365.0 -5920.0
1632.0 -1380.0 -5925.0
1597.0 -1365.0 -5995.0
1622.0 -1385.0 -5950.0
1632.0 -1370.0 -5965.0
1607.0 -1400.0 -5970.0
1607.0 -1365.0 -5935.0
1617.0 -1370.0 -5945.0
1597.0 -1360.0 -5955.0
1617.0 -1450.0 -5955.0
1627.0 -1370.0 -5985.0
1617.0 -1360.0 -5900.0
1637.0 -1375.0 -5905.0
1642.0 -1390.0 -5960.0
1617.0 -1360.0 -5955.0
1602.0 -1390.0 -5975.0
1642.0 -1385.0 -5975.0
1622.0 -1375.0 -5915.0
1632.0 -1395.0 -5975.0
1627.0 -1375.0 -5975.0
1622.0 -1365.0 -5960.0
1642.0 -1385.0 -5930.0
2505.0 -1450.0 -5960.0
2537.0 -1477.0 -5950.0
2510.0 -1450.0 -5945.0
2485.0 -1445.0 -5900.0
2485.0 -1462.0 -5935.0
2445.0 -1477.0 -5930.0
2485.0 -1467.0 -5900.0
2525.0 -1487.0 -5875.0
2530.0 -1482.0 -5925.0
2542.0 -1482.0 -5925.0
2515.0 -1462.0 -5940.0
2455.0 -1425.0 -5965.0
2465.0 -1462.0 -5950.0
2470.0 -1430.0 -5985.0
2470.0 -1455.0 -5925.0
2460.0 -1445.0 -5905.0
2480.0 -1440.0 -5970.0
2445.0 -1440.0 -5930.0
2460.0 -1472.0 -5905.0
2475.0 -1450.0 -5975.0
2490.0 -1467.0 -5970.0
2485.0 -1440.0 -5965.0
2515.0 -1455.0 -5935.0
2475.0 -1430.0 -5920.0
2530.0 -1477.0 -5925.0
2455.0 -1435.0 -5920.0
2470.0 -1430.0 -5970.0
2505.0 -1450.0 -5950.0
2227.0 -1292.0 -5930.0
2070.0 -1252.0 -5905.0
1940.0 -1152.0 -5915.0
1950.0 -1147.0 -5915.0
1977.0 -1142.0 -5925.0
1945.0 -1137.0 -5930.0
1900.0 -1100.0 -5990.0
1905.0 -1100.0 -5930.0
1930.0 -1115.0 -5935.0
1955.0 -1130.0 -5920.0
1960.0 -1142.0 -5980.0
1972.0 -1142.0 -5930.0
1867.0 -1100.0 -5940.0
1852.0 -1075.0 -5925.0
1925.0 -1130.0 -5905.0
1915.0 -1115.0 -5900.0
1920.0 -1125.0 -5905.0
1905.0 -1162.0 -5940.0
1945.0 -1130.0 -5950.0
1930.0 -1120.0 -5900.0
1885.0 -1105.0 -5915.0
1930.0 -1115.0 -5915.0
1570.0 -572.0 -5930.0
1520.0 -572.0 -5910.0
1535.0 -572.0 -5905.0
1565.0 -592.0 -5955.0
1535.0 -607.0 -5965.0
1590.0 -637.0 -5935.0
1535.0 -627.0 -5940.0
1575.0 -642.0 -5900.0
1555.0 -587.0 -5940.0
1555.0 -592.0 -5960.0
1565.0 -577.0 -5910.0
1540.0 -612.0 -5910.0
1575.0 -612.0 -5920.0
1560.0 -602.0 -5945.0
1580.0 -627.0 -5915.0
1570.0 -597.0 -5900.0
1545.0 -582.0 -5910.0
1535.0 -572.0 -5930.0
1535.0 -587.0 -5890.0
1525.0 -567.0 -5865.0
1515.0 -562.0 -5885.0
1515.0 -552.0 -5900.0
1482.0 -557.0 -5895.0
1472.0 -557.0 -5885.0
1482.0 -567.0 -5837.0
1482.0 -572.0 -5865.0
1535.0 -567.0 -5812.0
1492.0 -552.0 -5782.0
1432.0 -542.0 -5870.0
1447.0 -577.0 -5850.0
1477.0 -602.0 -5842.0
1432.0 -567.0 -5885.0
1510.0 -577.0 -5890.0
1510.0 -562.0 -5970.0
1497.0 -577.0 -5920.0
1497.0 -602.0 -5915.0
1525.0 -617.0 -5925.0
1525.0 -577.0 -5930.0
1525.0 -617.0 -5925.0
1497.0 -587.0 -5880.0
1447.0 -650.0 -5900.0
1487.0 -612.0 -5875.0
1535.0 -577.0 -5865.0
1535.0 -567.0 -5930.0
1487.0 -562.0 -5870.0
1482.0 -552.0 -5925.0
1487.0 -572.0 -5885.0
1510.0 -582.0 -5905.0
1510.0 -562.0 -5915.0
1492.0 -602.0 -5855.0
1315.0 -237.0 -5910.0
1232.0 -227.0 -5865.0
1277.0 -252.0 -5850.0
1210.0 -232.0 -5865.0
1210.0 -247.0 -5900.0
1247.0 -237.0 -5822.0
1190.0 -237.0 -5832.0
1190.0 -212.0 -5875.0
1247.0 -227.0 -5870.0
1277.0 -237.0 -5827.0
1242.0 -227.0 -5860.0
1277.0 -227.0 -5905.0
1185.0 -217.0 -5860.0
1215.0 -217.0 -5812.0
1175.0 -217.0 -5822.0
1262.0 -232.0 -5860.0
1222.0 -227.0 -5842.0
1247.0 -222.0 -5890.0
1232.0 -222.0 -5850.0
1227.0 -222.0 -5900.0
1222.0 -242.0 -5850.0
1287.0 -227.0 -5832.0
1252.0 -237.0 -5827.0
1252.0 -267.0 -5865.0
1252.0 -257.0 -5842.0
1247.0 -237.0 -5827.0
1242.0 -227.0 -5875.0
1227.0 -217.0 -5885.0
1247.0 -222.0 -5875.0
1287.0 -232.0 -5865.0
1237.0 -222.0 -5875.0
1237.0 -227.0 -5880.0
1262.0 -227.0 -5850.0
1237.0 -262.0 -5850.0
1222.0 -242.0 -5802.0
1247.0 -222.0 -5827.0
1227.0 -237.0 -5842.0
1222.0 -222.0 -5860.0
1282.0 -242.0 -5890.0
1302.0 -252.0 -5895.0
1307.0 -232.0 -5880.0
1335.0 -237.0 -5890.0
1325.0 -242.0 -5890.0
1325.0 -247.0 -5865.0
1315.0 -257.0 -5895.0
1292.0 -262.0 -5880.0
1242.0 -252.0 -5850.0
1297.0 -257.0 -5870.0
1315.0 -237.0 -5885.0
1272.0 -247.0 -5885.0
1170.0 -40.0 -5842.0
1215.0 -35.0 -5842.0
1210.0 -100.0 -5850.0
1155.0 -140.0 -5842.0
1160.0 -80.0 -5812.0
1117.0 -110.0 -5850.0
1112.0 -70.0 -5827.0
1170.0 -80.0 -5842.0
1145.0 -55.0 -5870.0
1215.0 -40.0 -5855.0
1145.0 -55.0 -5832.0
1130.0 -100.0 -5832.0
1122.0 -60.0 -5842.0
1135.0 -85.0 -5837.0
1130.0 -95.0 -5865.0
1135.0 -40.0 -5817.0
1097.0 -20.0 -5850.0
1092.0 -40.0 -5812.0
1112.0 -45.0 -5837.0
1140.0 -85.0 -5865.0
1195.0 -65.0 -5802.0
1145.0 -50.0 -5827.0
1107.0 -90.0 -5802.0
1112.0 -90.0 -5817.0
1150.0 -80.0 -5850.0
1160.0 -80.0 -5860.0
1155.0 -95.0 -5822.0
1117.0 -80.0 -5850.0
1135.0 -55.0 -5837.0
1130.0 -15.0 -5855.0
1247.0 -15.0 -5837.0
1170.0 -60.0 -5822.0
1150.0 -40.0 -5822.0
1160.0 -35.0 -5837.0
1107.0 -50.0 -5827.0
1135.0 -15.0 -5822.0
1155.0 -40.0 -5832.0
1122.0 -70.0 -5827.0
1155.0 -75.0 -5822.0
1150.0 -65.0 -5837.0
1130.0 -85.0 -5850.0
1180.0 -85.0 -5817.0
1205.0 -105.0 -5827.0
1185.0 -70.0 -5837.0
1150.0 -60.0 -5832.0
1185.0 -50.0 -5817.0
1195.0 -45.0 -5837.0
1122.0 -70.0 -5817.0
1130.0 -50.0 -5832.0
1160.0 -35.0 -5822.0
